[-0.00032833509612828493, -2.9223854653537273e-05, -0.0002836910425685346]
[-2.415996277704835e-06, -2.6973229978466406e-06, -2.3100292310118675e-06]
[-0.0004160725511610508, 3.7812424125149846e-05, -0.00017451943131163716]
[-0.00011426585842855275, -8.277279266621917e-05, 0.0006135365110822022]
[-0.0004978870274499059, 0.00017789557750802487, -0.0007941210060380399]
[-0.00019291581702418625, -2.5089073460549116e-05, -0.00016637233784422278]
[-0.0003026369959115982, 1.575171700096689e-05, -0.000223363604163751]
[-0.0004212952044326812, 1.9501590941217728e-05, -0.00019731197971850634]
[-0.0007101052324287593, -3.9751736039761454e-05, 0.0005173627287149429]
[-2.5536282919347286e-06, -2.7959795261267573e-06, -2.0703300833702087e-06]
[-1.8714345060288906e-06, -1.4138452115730615e-06, -2.8756635401805397e-06]
[3.6658730095950887e-06, -0.0001018072507577017, -0.0002818260109052062]
[-2.383616902079666e-06, -3.3062678994610906e-06, -1.4349643606692553e-06]
[-0.00011651805107248947, -2.4526554625481367e-05, -0.0002664736530277878]
[-2.5978079065680504e-06, -2.420971213723533e-06, -1.663749571889639e-06]
[-1.6494473129569087e-06, -1.5841361573620816e-06, -1.37860581617133e-06]
[-1.186427198263118e-06, -1.382878735967097e-07, -2.7898554435523693e-06]
[-0.00034480486647225916, 6.502066389657557e-05, -0.00012822884309571236]
[-1.5548139344900846e-06, -1.2625023373402655e-06, -1.8779246602207422e-06]
[-5.33636957698036e-05, -3.362376446602866e-05, -7.801280298735946e-05]
[-5.753572622779757e-07, -2.5388981157448143e-06, -1.6733029042370617e-06]
[-0.0003624674864113331, 0.0001078905479516834, -0.0004033725708723068]
[-0.0002630817180033773, 6.618160114157945e-05, -0.00024714370374567807]
[-0.00039947242476046085, 1.830623295973055e-05, -9.325287828687578e-05]
[-7.747439667582512e-08, -8.80589141161181e-07, -3.042972821276635e-06]
[-0.0002788030542433262, 6.032889359630644e-05, -0.00041978430817835033]
[-0.00037078800960443914, 2.9699731385335326e-07, -1.630556653253734e-05]
[-7.148191798478365e-07, -2.183816377510084e-06, -2.1313671823008917e-06]
[-0.0003278663207311183, 2.6497698854655027e-05, -0.00018651210120879114]
[-0.0002950390917249024, 9.827256144490093e-05, -0.0005726026138290763]
[-0.0007645983132533729, 0.00015725540288258344, -7.317285053431988e-06]
[-2.199143636971712e-06, -1.32844434119761e-06, -1.994683771044947e-06]
[-1.5049838566483231e-06, -1.5393213743664091e-06, -1.4622482922277413e-06]
[-1.436187972103653e-06, -2.320877683814615e-06, -2.114663857355481e-06]
[-2.1687872049369616e-06, -1.5629591416654876e-06, -1.5905025065876544e-06]
[-1.3635890354635194e-06, 1.697820835033781e-07, -3.7508143577724695e-06]
[1.7508421024103882e-07, -2.7219002163292316e-08, -3.7164516015764093e-06]
[-8.805727702565491e-07, 1.0460847761351033e-06, -3.669573288789252e-06]
[-0.00030431782943196595, 7.59404938435182e-05, -0.00013991475861985236]
[-9.913637768477201e-07, 2.1102241589687765e-06, -3.932058461941779e-06]
[-0.0002168695500586182, 0.00015915429685264826, -0.00032588228350505233]
[-0.0003784986329264939, 0.00021505405311472714, -0.0003500979219097644]
[-0.0003733029880095273, 0.000234982420806773, -0.0003982035268563777]
[-1.3993994798511267e-06, 3.738459781743586e-06, -3.135006409138441e-06]
[-9.100057809519058e-07, 2.3958561996550998e-06, -1.9377177977730753e-06]
[-1.6339583908120403e-06, 2.9166919830458937e-06, -2.5541858121869154e-06]
[-0.0002686109801288694, 0.00014875145279802382, -0.0004385179781820625]
[-1.6339472495019436e-06, 2.916669473052025e-06, -2.55415216088295e-06]
[-1.6043732102843933e-06, 2.49599702328851e-06, -2.0207342004141537e-06]
[-0.00021675332391168922, 0.0001302795863011852, -0.00036074782838113606]
[-1.798267476260662e-06, 2.6583438739180565e-06, -2.171174855902791e-06]
[-1.8784737676469376e-06, 2.596598051241017e-06, -2.168595074181212e-06]
[-1.77655795141618e-06, 2.9500404252758017e-06, -2.7086193767900113e-06]
[-0.00034579564817249775, 0.000267286115558818, -0.0010416869772598147]
[-0.0005862974794581532, 0.00018503557657822967, -0.0002878212253563106]
[-0.00012190535198897123, 0.0001525235566077754, -0.00025011473917402327]
[-2.2182721295394003e-06, 3.5784178180620074e-06, -1.608219463378191e-06]
[-0.0004320174630265683, 0.00022306705068331212, -0.000275983038591221]
[-0.0002410652523394674, 0.00013326143380254507, -0.0003473908291198313]
[-0.00020723204943351448, 0.0001726052723824978, -0.0003207585832569748]
[-1.4447577996179461e-06, 5.320616764947772e-06, -1.8870923668146133e-06]
[-0.0004904383677057922, 0.00024562576436437666, -0.0006938293809071183]
[-1.606473233550787e-06, 4.157060175202787e-06, -2.488144673407078e-06]
[-1.910992295961478e-06, 3.887743332597893e-06, -2.2281935798673658e-06]
[-1.6761484857852338e-06, 4.056606030644616e-06, -2.7016444619221147e-06]
[-1.3044062825429137e-06, 5.2897539717378095e-06, -2.237965190943214e-06]
[-2.0571087588905357e-06, 4.494577297009528e-06, -2.1302209916029824e-06]
[-2.1982680209475802e-06, 3.937031124223722e-06, -1.8014535498878104e-06]
[-1.1017084489139961e-06, 5.034323748986935e-06, -1.5890835811660509e-06]
[-0.0003783935389947146, 0.0004560477682389319, -0.00014231920067686588]
[1.4599354472011328e-06, 9.638839401304722e-06, 2.9471993912011385e-07]
[-0.0004544011317193508, 0.0005203226464800537, -0.00021306905546225607]
[-0.00020744220819324255, 0.00039974888204596937, -0.0008871374884620309]
[0.0005458283121697605, 1.4356162864714861e-05, -8.408358553424478e-05]
[1.0097981430590153e-05, 0.00024548155488446355, -7.906002429081127e-05]
[1.3383260011323728e-06, 9.709881851449609e-06, 3.7019344745203853e-07]
[2.06369008992624e-06, 1.1220184205740225e-05, -1.4489702380160452e-06]
[-0.0002754720044322312, 0.0001805058855097741, -0.00023664352193009108]
[-0.0004479984345380217, 0.000480901071568951, -0.0002616868878249079]
[-0.00030920817516744137, 0.0003727140137925744, -0.0008242713520303369]
[0.0005573441158048809, 8.24125309009105e-05, -0.000142822100315243]
[7.3661794885993e-07, 8.21386493043974e-06, 7.672351785004139e-07]
[-0.00025244790595024824, 0.0002326789835933596, -0.00020397033949848264]
[-1.6416015569120646e-06, 4.61225863546133e-06, -1.0495568858459592e-06]
[-0.00036907754838466644, 0.00018122221808880568, -0.00014202452439349145]
[-0.00021972140530124307, 0.00015678332420066, -0.0001166651927633211]
[-0.000358100573066622, 0.00018204661319032311, 5.119659181218594e-05]
[2.130348002538085e-05, -0.00020254679839126766, 3.1519943149760365e-05]
[4.516805347520858e-07, 7.8813754953444e-06, -1.0157236829400063e-08]
[5.039411234974978e-07, 8.242568583227694e-06, 1.602116839194423e-07]
[-0.00036254283622838557, 0.00018475913384463638, 5.7008714065887034e-05]
[-0.0002545819734223187, 0.0002626721397973597, -0.00014543654106091708]
[-0.0004322564054746181, 0.00013080511416774243, -0.00013274309458211064]
[4.087094566784799e-05, 0.00020854308968409896, -0.00018264108803123236]
[-0.0002879641833715141, 0.00023243580653797835, 5.366363620851189e-05]
[-0.00036554690450429916, 0.0002555297105573118, -0.00013577517529483885]
[-0.00026059994706884027, 0.00026267304201610386, -0.00033439218532294035]
[3.4103868529200554e-07, 8.071772754192352e-06, 1.0163057595491409e-07]
[5.776564648840576e-07, 8.113011972454842e-06, -1.4801761949456704e-07]
[-0.00013914317241869867, 0.00023489478917326778, -0.0002761445939540863]
[5.622132448479533e-07, 8.079659892246127e-06, -7.177004590630531e-08]
[7.240566333166498e-07, 7.640489457116928e-06, -2.1455177545703918e-07]
[-0.00036135950358584523, 0.00027595122810453176, -0.0002897082595154643]
[5.578040145337582e-07, 8.060596883296967e-06, -1.5177647583186626e-07]
[5.783147685178847e-07, 8.365962457901333e-06, -6.081565970816882e-07]
[6.454895924434823e-07, 7.706301403231919e-06, -2.725627439303935e-07]
[1.214326175613678e-06, 8.378920028917491e-06, -5.805806040370953e-07]
[4.347790536485263e-07, 8.27814255899284e-06, -7.702199127379572e-07]
[5.289594469104486e-07, 8.060755135375075e-06, 3.7583959056064487e-07]
[-0.0005715367733500898, 0.0002660972822923213, 1.9260714907431975e-05]
[-0.0006314160418696702, 0.0003671567246783525, -0.0003955028660129756]
[9.057112038135529e-08, 7.768190698698163e-06, 4.644098225980997e-07]
[-0.0005489594186656177, 0.00022983246890362352, 0.0005206424975767732]
[0.0007288483320735395, 3.874907270073891e-05, -8.96017299965024e-05]
[-0.00026869605062529445, 0.00020040594972670078, 0.00017217305139638484]
[3.5614357329905033e-07, 9.785653674043715e-06, -2.8325302992016077e-07]
[-0.000263984315097332, 0.00028180395020172, -0.00018575668218545616]
[0.0005447566509246826, 6.455008406192064e-05, -8.408529538428411e-05]
[-0.00024391058832406998, 0.00020670550293289125, 1.042827352648601e-05]
[1.4466349966824055e-06, 1.0687042959034443e-05, -3.2986463338602334e-07]
[-2.8810791263822466e-07, 6.017911800881848e-06, -1.539232812319824e-07]
[1.7046222637873143e-06, 1.0627275514707435e-05, -1.2309106978136697e-07]
[1.9406870706006885e-06, 7.5680268309952226e-06, -5.294142511047539e-07]
[0.00038135447539389133, 0.00016507336113136262, -0.00015305077249649912]
[-6.866722833365202e-05, 0.00024390584439970553, -0.0006504788179881871]
[-0.0004967210115864873, 0.00019796537526417524, 0.00027134083211421967]
[-0.0012212467845529318, 0.00034540327033028007, 0.0002315802703378722]
[0.00048085046000778675, 3.871769877150655e-06, -0.00021456698596011847]
[-3.820168785750866e-07, 3.6279936921346234e-06, -1.2250820873305202e-06]
[3.45676344295498e-05, 6.070180097594857e-05, -0.0002898522652685642]
[1.3272401702124625e-06, 5.7140132412314415e-06, -2.1007144823670387e-07]
[1.358117742711329e-06, 6.264740932238055e-06, -7.449248187185731e-07]
[0.00010911973367910832, 0.0001934679166879505, -0.0005311971181072295]
[1.4070756151340902e-06, 6.805144948884845e-06, -4.045432433485985e-07]
[1.4877911098665209e-06, 6.261463568080217e-06, -8.411866474489216e-07]
[7.767039846839907e-07, 5.767761649622116e-06, -1.4936347270122496e-08]
[1.5824862202862278e-06, 6.569429842784302e-06, -1.1665127175319867e-07]
[0.0002111907087964937, 0.00012843692093156278, -0.0005342949880287051]
[4.4911575969308615e-07, 3.08752350974828e-06, -8.139177225530148e-07]
[3.1526160455541685e-05, 9.228182898368686e-05, -0.00020531278278212994]
[-0.0012223586672917008, 0.0003521874896250665, 0.00020685313211288303]
[1.350068487226963e-06, 5.720212357118726e-06, -2.403539838269353e-07]
[1.649098066991428e-07, 3.8801781556685455e-06, -1.3880799087928608e-06]
[-2.3402517967952008e-07, 3.84445593226701e-06, -1.4073510783418897e-06]
[-1.1729455309250625e-06, 2.4890073291317094e-06, -1.7391768096786109e-06]
[0.0007999977096915245, -3.263105099904351e-05, -0.00025729535263963044]
[-2.3051747120916843e-05, 9.68577223829925e-05, -0.0002098186669172719]
[3.21077459375374e-06, 5.509988113772124e-06, -4.7312641981989145e-07]
[1.472189637752308e-06, 7.106683824531501e-06, -6.178612466101185e-07]
[1.777961188054178e-06, 5.229749149293639e-06, -2.8839079391218547e-07]
[-1.215261818288127e-06, 1.2568953025038354e-06, -1.264281081603258e-06]
[5.075981607660651e-05, 0.00013595903874374926, -5.499251346918754e-05]
[-0.0002266451483592391, 0.0001697786501608789, -3.742609260370955e-05]
[-1.375054125674069e-06, -1.9639264792203903e-06, -2.3405809770338237e-06]
[1.457307007513009e-06, 7.135326086427085e-06, -6.536306500493083e-07]
[-0.0002089312329189852, 0.00022252490452956408, -0.00013411349209491163]
[5.358555063139647e-05, 0.00011969329352723435, -0.00010961755469907075]
[3.7928322853986174e-05, 5.305522063281387e-05, -0.00012755129137076437]
[-4.55973349744454e-07, 2.3326720111072063e-06, -1.8270511645823717e-06]
[1.1459718507467187e-06, 5.793451236968394e-06, -6.708251021336764e-07]
[-7.353340834015398e-07, 2.5463016299909214e-06, -2.2754725250706542e-06]
[-0.00018472493684384972, 9.845681779552251e-05, -0.00017852193559519947]
[-0.00017423635290469974, 0.00018585713405627757, -0.0002599158033262938]
[8.497736416757107e-07, 6.064845365472138e-06, -8.929637260735035e-07]
[-9.534299897495657e-05, 0.00011620530131040141, -0.00022119299683254212]
[0.00017587972979526967, 0.00010646190639818087, -0.00024120468879118562]
[-9.291688911616802e-07, 3.4515323932282627e-06, -1.6849953681230545e-06]
[0.00011774989980040118, 0.0001389207609463483, -0.00029766358784399927]
[-0.0005642349715344608, 0.00018627489043865353, 0.00019834915292449296]
[-0.0005093627842143178, 0.00034395826514810324, -0.001116883591748774]
[5.968124605715275e-05, 0.00013390419189818203, -0.00021836446831002831]
[-1.4443918189499527e-05, 0.00012289959704503417, -0.000705625512637198]
[-2.7257687179371715e-05, 0.00011324955994496122, -0.0002390830486547202]
[-9.491977834841236e-07, 1.7054699128493667e-06, -2.4869514163583517e-06]
[0.00019310670904815197, 0.000130360946059227, -5.220284583629109e-05]
[-9.563416824676096e-05, 0.00017661895253695548, -0.0002416718052700162]
[2.24999530473724e-06, 7.756563718430698e-06, -9.408395271748304e-07]
[0.00022153413738124073, 0.00018431426724418998, -0.00010669891344150528]
[1.6118137864395976e-06, 4.959612851962447e-06, -1.7920247046276927e-06]
[0.00013571983436122537, 0.00019060014165006578, -0.0001587763981660828]
[2.8532376745715737e-06, 9.054041584022343e-06, -6.306800059974194e-08]
[-7.001163794484455e-06, 0.00011106862802989781, -0.0003013765381183475]
[2.6287161745131016e-06, 9.007126209326088e-06, 4.886533133685589e-07]
[0.00012166379747213796, 0.00010362237662775442, -0.00010137831850443035]
[0.00024061404110398144, 0.00017066902364604175, -0.00010523416131036356]
[3.1437957659363747e-07, 4.805013304576278e-06, -1.057684130501002e-06]
[0.00018892571097239852, 0.00012143725325586274, -7.178379632932774e-07]
[0.00023627516929991543, 0.00016916610184125602, -0.00010628722520777956]
[0.00023930362658575177, 0.00015597415040247142, -3.695907798828557e-05]
[0.0001854846195783466, 0.00022989639546722174, -0.0001349699596175924]
[3.114066203124821e-06, 9.028459317050874e-06, -1.7747515812516212e-07]
[1.288451926484413e-06, 4.494336735660909e-06, -1.180136905531981e-06]
[2.7621099434327334e-06, 9.226347174262628e-06, 2.502405322957202e-07]
[2.9020634428889025e-06, 8.982012332126033e-06, -1.0217034969173255e-06]
[-0.0002291976852575317, 0.0002077573153655976, -0.00022764649474993348]
[3.1574454624205828e-06, 9.378389222547412e-06, -5.386973498389125e-07]
[1.2773334674420767e-06, 5.178860646992689e-06, -1.1208176147192717e-06]
[-1.718268686090596e-05, 0.00017285601643379778, -0.0007312098750844598]
[2.9402308427961543e-06, 9.414245141670108e-06, 1.0529765859246254e-07]
[2.9896689284214517e-06, 9.15996770345373e-06, -1.0898551181526273e-06]
[0.00023913863697089255, 0.00016831506218295544, -8.925037400331348e-05]
[0.00015958752192091197, 0.00011723802890628576, -0.0002882414555642754]
[0.00042859790846705437, 9.869680070551112e-05, 6.182523793540895e-05]
[0.00021898224076721817, 0.00017809835844673216, -9.180163033306599e-05]
[2.131273504346609e-07, 3.883702447637916e-06, -4.452740540727973e-07]
[1.8178411664848682e-06, 8.19496108306339e-06, 2.357604671487934e-07]
[2.466596015437972e-06, 7.698349691054318e-06, 7.207729026958987e-07]
[-0.00024093764659482986, 0.0002644434862304479, -0.00016904581570997834]
[0.00013641193800140172, 9.510651580058038e-05, -3.2066600397229195e-07]
[4.0227314457297325e-07, 5.224159394856542e-06, -7.313591368074412e-07]
[-0.00037684262497350574, 0.00024089153157547116, -0.00020904785196762532]
[0.0013221967965364456, -0.0005337242619134486, 0.00034946476807817817]
[-0.00035872962325811386, 0.00027211778797209263, 0.0015471254009753466]
[-0.0007679283153265715, 0.0012074161786586046, 0.0017142680007964373]
[0.0004458194598555565, 0.0010318637359887362, 0.0024047507904469967]
[-0.0007332875393331051, 0.0025392724201083183, 0.003268859349191189]
[-0.00017770787235349417, 0.001451267278753221, 0.004666986875236034]
[-0.00037338328547775745, 0.0029642204754054546, 0.005369000602513552]
[0.0014919639797881246, 0.004267465323209763, 0.006957915611565113]
[0.0001854316797107458, 0.005709565710276365, 0.008417164906859398]
[-0.0007360996096394956, 0.008023414760828018, 0.010820174589753151]
[-0.0018474175594747066, 0.013391666114330292, 0.017960574477910995]
[-0.003628798760473728, 0.018088793382048607, 0.02047700248658657]
[-0.0029076419305056334, 0.01985827647149563, 0.02448992244899273]
[-0.006410204339772463, 0.02842223271727562, 0.033226363360881805]
[-0.009563524276018143, 0.03264202922582626, 0.038969844579696655]
[-0.01238079834729433, 0.03715585172176361, 0.0435425229370594]
[-0.012539675459265709, 0.041298530995845795, 0.048921409994363785]
[-0.01472701970487833, 0.04624831676483154, 0.05944971367716789]
[-0.019576717168092728, 0.051935527473688126, 0.06399501115083694]
[-0.019938470795750618, 0.053771547973155975, 0.07017248123884201]
[-0.022883489727973938, 0.058750975877046585, 0.08021417260169983]
[-0.027355361729860306, 0.06189442053437233, 0.08576399832963943]
[-0.028200244531035423, 0.062102653086185455, 0.09308728575706482]
[-0.031731244176626205, 0.06637543439865112, 0.10411912202835083]
[-0.03330537676811218, 0.06714588403701782, 0.11078111827373505]
[-0.03651515394449234, 0.0693759024143219, 0.12250214070081711]
[-0.037340667098760605, 0.06901779025793076, 0.1354440599679947]
[-0.03999698534607887, 0.06934909522533417, 0.14232207834720612]
[-0.04183424636721611, 0.07044027000665665, 0.14834892749786377]
[-0.044063713401556015, 0.06898240000009537, 0.16149075329303741]
[-0.046480756253004074, 0.06899771094322205, 0.17042745649814606]
[-0.04666377976536751, 0.06778623163700104, 0.17726731300354004]
[-0.0493602491915226, 0.06649202853441238, 0.18995118141174316]
[-0.051079150289297104, 0.06516952067613602, 0.20568419992923737]
[-0.05266329646110535, 0.062189981341362, 0.22128649055957794]
[-0.05187106505036354, 0.06018531695008278, 0.22830986976623535]
[-0.055905792862176895, 0.05739708989858627, 0.2441750168800354]
[-0.055163297802209854, 0.05378628522157669, 0.25896763801574707]
[-0.05550503730773926, 0.051152296364307404, 0.2704406976699829]
[-0.05673287436366081, 0.04866718500852585, 0.2818484306335449]
[-0.05670404061675072, 0.047942154109478, 0.2902628779411316]
[-0.05822276324033737, 0.04256989061832428, 0.3060254454612732]
[-0.05864160135388374, 0.038633041083812714, 0.3257044851779938]
[-0.05910937488079071, 0.03671503812074661, 0.3333810567855835]
[-0.05993688106536865, 0.03294706344604492, 0.3501303493976593]
[-0.05985388159751892, 0.029519597068428993, 0.3632350564002991]
[-0.05779699236154556, 0.0270376019179821, 0.369937002658844]
[-0.05922720953822136, 0.02377057634294033, 0.38743069767951965]
[-0.05728137493133545, 0.0201847106218338, 0.3965754210948944]
[-0.06235486641526222, 0.020951250568032265, 0.407004714012146]
[-0.05936075747013092, 0.015424782410264015, 0.42354753613471985]
[-0.05917883291840553, 0.010466344654560089, 0.44468891620635986]
[-0.060996558517217636, 0.008793375454843044, 0.4542491137981415]
[-0.060780782252550125, 0.005265524610877037, 0.47136858105659485]
[-0.05969510227441788, 0.0026723486371338367, 0.48083263635635376]
[-0.05974562466144562, -0.0022056959569454193, 0.5065968632698059]
[-0.059314657002687454, -0.0046094912104308605, 0.5152454376220703]
[-0.06045098602771759, -0.0073589603416621685, 0.5334121584892273]
[-0.059339236468076706, -0.010228266008198261, 0.5501748919487]
[-0.05645500496029854, -0.015282132662832737, 0.567066490650177]
[-0.05803350731730461, -0.016259690746665, 0.5763516426086426]
[-0.056900400668382645, -0.019863884896039963, 0.5919665098190308]
[-0.056162603199481964, -0.02127397246658802, 0.6011232137680054]
[-0.053965479135513306, -0.026216601952910423, 0.626007616519928]
[-0.055537641048431396, -0.029237598180770874, 0.6433860063552856]
[-0.05436141788959503, -0.029934540390968323, 0.652789831161499]
[-0.05168712139129639, -0.03379039093852043, 0.6679379940032959]
[-0.05133834108710289, -0.03712547942996025, 0.6852332949638367]
[-0.05174461007118225, -0.03886890783905983, 0.7037175297737122]
[-0.04999683424830437, -0.04046997055411339, 0.712566614151001]
[-0.05015617609024048, -0.04142732918262482, 0.7290356755256653]
[-0.0485856831073761, -0.04342064633965492, 0.7376164793968201]
[-0.04574074596166611, -0.04651865363121033, 0.7640925645828247]
[-0.04521702229976654, -0.048324842005968094, 0.7799555063247681]
[-0.04413735494017601, -0.05039599910378456, 0.796554684638977]
[-0.03985525667667389, -0.05308343842625618, 0.8145202398300171]
[-0.03919389843940735, -0.05279485136270523, 0.8297529816627502]
[-0.03800560161471367, -0.05427997559309006, 0.8382378220558167]
[-0.03967044875025749, -0.05489472299814224, 0.847715437412262]
[-0.03709125518798828, -0.05597076192498207, 0.8527437448501587]
[-0.036053407937288284, -0.056794606149196625, 0.8642596006393433]
[-0.03372279554605484, -0.05800466611981392, 0.8805938363075256]
[-0.03038381226360798, -0.06085815280675888, 0.9156566858291626]
[-0.029821502044796944, -0.06064382195472717, 0.9236749410629272]
[-0.025747772306203842, -0.06294090300798416, 0.9468480348587036]
[-0.023390643298625946, -0.06406398117542267, 0.9802377820014954]
[-0.021256418898701668, -0.06472202390432358, 0.9968276023864746]
[-0.018514297902584076, -0.06576739251613617, 1.0203649997711182]
[-0.013750161044299603, -0.06722689419984818, 1.052351951599121]
[-0.013628349639475346, -0.06755829602479935, 1.0689449310302734]
[-0.012262184172868729, -0.06795073300600052, 1.0844477415084839]
[-0.009315667673945427, -0.0679418221116066, 1.0993695259094238]
[-0.00897789467126131, -0.06748742610216141, 1.1172404289245605]
[-0.005026741418987513, -0.06887988746166229, 1.1345404386520386]
[-0.003324484918266535, -0.06881261616945267, 1.148040771484375]
[-0.003864937461912632, -0.06777074187994003, 1.1646796464920044]
[-0.002397027797996998, -0.06775764375925064, 1.1788477897644043]
[0.0015269606374204159, -0.06844281405210495, 1.1983023881912231]
[0.003430969314649701, -0.06821627914905548, 1.211625337600708]
[0.003909005783498287, -0.06848745048046112, 1.2171039581298828]
[0.006345946341753006, -0.06917068362236023, 1.2248750925064087]
[0.006304864771664143, -0.06761743873357773, 1.2353779077529907]
[0.007364695426076651, -0.06843531876802444, 1.2421760559082031]
[0.009894868358969688, -0.06663013249635696, 1.2544745206832886]
[0.01210399717092514, -0.06751808524131775, 1.2591760158538818]
[0.014601795934140682, -0.06723017245531082, 1.263299584388733]
[0.013966718688607216, -0.06518931686878204, 1.269503116607666]
[0.01658524014055729, -0.06028939038515091, 1.2717442512512207]
[0.016738317906856537, -0.04627566039562225, 1.275407314300537]
[0.01902400702238083, -0.03720766305923462, 1.2766493558883667]
[0.02158115990459919, -0.00542793795466423, 1.279033899307251]
[0.02245764248073101, 0.06165904179215431, 1.2865744829177856]
[0.027881057932972908, 0.13946464657783508, 1.2953572273254395]
[0.032068949192762375, 0.22590428590774536, 1.3085296154022217]
[0.03352399170398712, 0.28417834639549255, 1.3167389631271362]
[0.03485425189137459, 0.3444958031177521, 1.3238831758499146]
[0.03437130153179169, 0.36631524562835693, 1.3273826837539673]
[0.03848258778452873, 0.3962540030479431, 1.3297532796859741]
[0.039084337651729584, 0.4204665422439575, 1.3308600187301636]
[0.03900321573019028, 0.4473058879375458, 1.3325344324111938]
[0.04167401045560837, 0.5213597416877747, 1.3384668827056885]
[0.04479169100522995, 0.5445892214775085, 1.3385602235794067]
[0.044749658554792404, 0.5681225657463074, 1.337700366973877]
[0.04769575223326683, 0.6179099678993225, 1.3366105556488037]
[0.050025589764118195, 0.6662896871566772, 1.3360621929168701]
[0.05201096087694168, 0.7214258313179016, 1.3365635871887207]
[0.05121096596121788, 0.751503586769104, 1.3362683057785034]
[0.05661994218826294, 0.8457861542701721, 1.3374868631362915]
[0.0592520609498024, 0.9138522148132324, 1.3411188125610352]
[0.06048247218132019, 0.9466966390609741, 1.3429774045944214]
[0.06387294828891754, 1.0176029205322266, 1.3490469455718994]
[0.06567766517400742, 1.0815166234970093, 1.3543509244918823]
[0.06826402992010117, 1.1452276706695557, 1.359374761581421]
[0.07068745791912079, 1.2081339359283447, 1.362906575202942]
[0.07646626979112625, 1.262239933013916, 1.3643368482589722]
[0.07666414231061935, 1.3195523023605347, 1.3681132793426514]
[0.0794050469994545, 1.3412821292877197, 1.3681645393371582]
[0.08263817429542542, 1.370234727859497, 1.3689712285995483]
[0.08517859876155853, 1.415752649307251, 1.3727476596832275]
[0.08605651557445526, 1.4385957717895508, 1.3727799654006958]
[0.0889463722705841, 1.481999158859253, 1.3747938871383667]
[0.0904659628868103, 1.5033369064331055, 1.3752460479736328]
[0.09547394514083862, 1.5438933372497559, 1.3775922060012817]
[0.10006994754076004, 1.5791740417480469, 1.3803507089614868]
[0.10066085308790207, 1.598240852355957, 1.381104826927185]
[0.11000465601682663, 1.6552505493164062, 1.3828295469284058]
[0.11029532551765442, 1.6647162437438965, 1.384775161743164]
[0.11405578255653381, 1.690405011177063, 1.3861807584762573]
[0.11614684015512466, 1.7037044763565063, 1.3890544176101685]
[0.11833280324935913, 1.730391263961792, 1.3902597427368164]
[0.12040752917528152, 1.7409918308258057, 1.3902196884155273]
[0.12309198826551437, 1.754286289215088, 1.3916577100753784]
[0.12493163347244263, 1.7671687602996826, 1.3939417600631714]
[0.12662136554718018, 1.7860448360443115, 1.3949404954910278]
[0.13029836118221283, 1.8058956861495972, 1.398221492767334]
[0.13166815042495728, 1.8156864643096924, 1.398464322090149]
[0.13546624779701233, 1.8334146738052368, 1.3980354070663452]
[0.1372884213924408, 1.8427197933197021, 1.3973023891448975]
[0.14005263149738312, 1.859998345375061, 1.3957511186599731]
[0.14448243379592896, 1.8821247816085815, 1.3969701528549194]
[0.14484216272830963, 1.8934077024459839, 1.3978769779205322]
[0.15450753271579742, 1.948388695716858, 1.4014337062835693]
[0.1561749279499054, 1.9636577367782593, 1.401904821395874]
[0.16022202372550964, 2.0165343284606934, 1.4045401811599731]
[0.16561777889728546, 2.0566370487213135, 1.4071513414382935]
[0.16493430733680725, 2.076535701751709, 1.4079939126968384]
[0.1679915338754654, 2.1188158988952637, 1.4112192392349243]
[0.17257167398929596, 2.1724367141723633, 1.4168037176132202]
[0.17196106910705566, 2.186361312866211, 1.4175124168395996]
[0.1721784472465515, 2.2077953815460205, 1.4186903238296509]
[0.1737775206565857, 2.2502822875976562, 1.4203953742980957]
[0.17427578568458557, 2.271470069885254, 1.4206339120864868]
[0.17705072462558746, 2.2907543182373047, 1.4219213724136353]
[0.1795060932636261, 2.349107027053833, 1.4225544929504395]
[0.1819230020046234, 2.3685107231140137, 1.4228297472000122]
[0.1812140792608261, 2.3838069438934326, 1.422814130783081]
[0.18370942771434784, 2.420229196548462, 1.4226573705673218]
[0.18598198890686035, 2.433162212371826, 1.4227845668792725]
[0.18767499923706055, 2.4657790660858154, 1.4199753999710083]
[0.1928599327802658, 2.499720573425293, 1.4173169136047363]
[0.1893174648284912, 2.532881021499634, 1.4180675745010376]
[0.19583506882190704, 2.569885015487671, 1.4191596508026123]
[0.20115001499652863, 2.6090567111968994, 1.4209357500076294]
[0.19936108589172363, 2.6290109157562256, 1.422522783279419]
[0.20023716986179352, 2.671943426132202, 1.4257270097732544]
[0.2029636949300766, 2.6893723011016846, 1.425728678703308]
[0.20498783886432648, 2.7084929943084717, 1.426565170288086]
[0.20668627321720123, 2.75103759765625, 1.4217627048492432]
[0.20619149506092072, 2.78663969039917, 1.4184095859527588]
[0.20792914927005768, 2.8105125427246094, 1.4155571460723877]
[0.2103593498468399, 2.8331825733184814, 1.413764476776123]
[0.21311619877815247, 2.858515977859497, 1.412821888923645]
[0.21294210851192474, 2.887519598007202, 1.4131418466567993]
[0.21515363454818726, 2.945148229598999, 1.411744236946106]
[0.21639107167720795, 2.976332664489746, 1.4113824367523193]
[0.2154218554496765, 3.0427825450897217, 1.411677360534668]
[0.21964776515960693, 3.1124961376190186, 1.4110203981399536]
[0.22118708491325378, 3.150247097015381, 1.4121135473251343]
[0.22047820687294006, 3.224252939224243, 1.412609338760376]
[0.2257300764322281, 3.265120029449463, 1.413514256477356]
[0.22625574469566345, 3.3062734603881836, 1.4135277271270752]
[0.22643809020519257, 3.382941722869873, 1.4118179082870483]
[0.22686052322387695, 3.464951276779175, 1.414791226387024]
[0.2270505428314209, 3.5062079429626465, 1.4162805080413818]
[0.23144304752349854, 3.591895818710327, 1.4195221662521362]
[0.230120450258255, 3.6737451553344727, 1.423795223236084]
[0.24060393869876862, 3.792083740234375, 1.423106074333191]
[0.2410813719034195, 3.8306548595428467, 1.4232749938964844]
[0.2423781454563141, 3.8687989711761475, 1.4231014251708984]
[0.24583971500396729, 3.941683530807495, 1.4245537519454956]
[0.24712219834327698, 3.9768664836883545, 1.4238930940628052]
[0.24867908656597137, 4.0404181480407715, 1.4238320589065552]
[0.24763569235801697, 4.102108478546143, 1.4223742485046387]
[0.2543623149394989, 4.134261608123779, 1.4234137535095215]
[0.2577095627784729, 4.161889553070068, 1.423127293586731]
[0.25207147002220154, 4.189255237579346, 1.4231098890304565]
[0.26064300537109375, 4.245686054229736, 1.421701192855835]
[0.2602396607398987, 4.27037239074707, 1.4226380586624146]
[0.26154616475105286, 4.317522048950195, 1.4224382638931274]
[0.26216813921928406, 4.34017276763916, 1.4218146800994873]
[0.2671439051628113, 4.364116191864014, 1.4235787391662598]
[0.26597970724105835, 4.404756546020508, 1.4215716123580933]
[0.27040228247642517, 4.425417900085449, 1.4199273586273193]
[0.2786213159561157, 4.485680103302002, 1.4143483638763428]
[0.28471389412879944, 4.526597023010254, 1.413925051689148]
[0.2834077477455139, 4.547079563140869, 1.4159801006317139]
[0.28409698605537415, 4.567113399505615, 1.4171549081802368]
[0.28829628229141235, 4.589715480804443, 1.416308879852295]
[0.29331257939338684, 4.612727165222168, 1.4152239561080933]
[0.2900673747062683, 4.634735584259033, 1.42239511013031]
[0.29714035987854004, 4.65680456161499, 1.4210482835769653]
[0.2931625545024872, 4.675937652587891, 1.4205751419067383]
[0.29584136605262756, 4.718811511993408, 1.4196674823760986]
[0.2994466722011566, 4.762420177459717, 1.4167757034301758]
[0.3022400140762329, 4.785961627960205, 1.417479395866394]
[0.30631744861602783, 4.833304405212402, 1.4174880981445312]
[0.30648109316825867, 4.880820274353027, 1.4187208414077759]
[0.3100188374519348, 4.952794075012207, 1.420667290687561]
[0.314982533454895, 4.979164123535156, 1.4199047088623047]
[0.323300838470459, 5.006905555725098, 1.4210549592971802]
[0.3208829164505005, 5.030736923217773, 1.419062614440918]
[0.330677330493927, 5.087180137634277, 1.4183073043823242]
[0.33259451389312744, 5.108903884887695, 1.4190913438796997]
[0.33487480878829956, 5.164408206939697, 1.4192932844161987]
[0.3387998938560486, 5.224844455718994, 1.4243791103363037]
[0.3405460715293884, 5.278171539306641, 1.4250715970993042]
[0.3394022583961487, 5.301945686340332, 1.4276546239852905]
[0.34364187717437744, 5.331502914428711, 1.4262566566467285]
[0.3467406630516052, 5.3589606285095215, 1.4285680055618286]
[0.34668222069740295, 5.411077976226807, 1.4316903352737427]
[0.35314735770225525, 5.46013069152832, 1.4279563426971436]
[0.3539356291294098, 5.508607387542725, 1.4265018701553345]
[0.3552000820636749, 5.5523176193237305, 1.4290260076522827]
[0.3583241105079651, 5.575203895568848, 1.427581787109375]
[0.3572176992893219, 5.6156005859375, 1.427594780921936]
[0.36027827858924866, 5.635269641876221, 1.4275487661361694]
[0.3634396195411682, 5.673354148864746, 1.429694652557373]
[0.3609519898891449, 5.707297325134277, 1.4251782894134521]
[0.36401933431625366, 5.7396674156188965, 1.4260165691375732]
[0.3619922399520874, 5.7677507400512695, 1.4330424070358276]
[0.36161091923713684, 5.781670093536377, 1.4266656637191772]
[0.3590213656425476, 5.80805778503418, 1.430748462677002]
[0.35921332240104675, 5.821267604827881, 1.430043339729309]
[0.36144474148750305, 5.834915637969971, 1.432387351989746]
[0.3621508479118347, 5.8695783615112305, 1.4293662309646606]
[0.3582547605037689, 5.8910136222839355, 1.4297947883605957]
[0.3561801314353943, 5.900889873504639, 1.4305250644683838]
[0.3582979142665863, 5.922676086425781, 1.429897427558899]
[0.35306450724601746, 5.939908027648926, 1.4304265975952148]
[0.34827882051467896, 5.95684289932251, 1.4335861206054688]
[0.34641343355178833, 5.971167087554932, 1.4339758157730103]
[0.34217843413352966, 5.987892150878906, 1.4309444427490234]
[0.3434620499610901, 5.995657920837402, 1.433835506439209]
[0.3387518525123596, 6.009257793426514, 1.4346740245819092]
[0.3349493741989136, 6.02048397064209, 1.4360053539276123]
[0.3355684280395508, 6.0270771980285645, 1.4355891942977905]
[0.3309767544269562, 6.032047748565674, 1.433059573173523]
[0.3320019543170929, 6.040482997894287, 1.4358175992965698]
[0.3249139189720154, 6.051466941833496, 1.4365413188934326]
[0.32278549671173096, 6.055499076843262, 1.4370930194854736]
[0.3166055977344513, 6.062534809112549, 1.436017632484436]
[0.3144916594028473, 6.070042610168457, 1.4399441480636597]
[0.3062990605831146, 6.079523086547852, 1.4389443397521973]
[0.3024219274520874, 6.086434841156006, 1.4384833574295044]
[0.29449397325515747, 6.097012519836426, 1.4390277862548828]
[0.2921447455883026, 6.103418827056885, 1.4461162090301514]
[0.2772190272808075, 6.117801666259766, 1.442185878753662]
[0.2710077166557312, 6.1229023933410645, 1.4428391456604004]
[0.2668554186820984, 6.12599515914917, 1.447234869003296]
[0.2580876648426056, 6.134066581726074, 1.4497723579406738]
[0.2516525983810425, 6.1349921226501465, 1.4491710662841797]
[0.24689246714115143, 6.132578372955322, 1.446453332901001]
[0.23738104104995728, 6.145813465118408, 1.4509012699127197]
[0.22608377039432526, 6.146721363067627, 1.4515738487243652]
[0.2213732898235321, 6.149050712585449, 1.4498730897903442]
[0.21547488868236542, 6.15764045715332, 1.4520608186721802]
[0.20931175351142883, 6.1668314933776855, 1.457967758178711]
[0.20381340384483337, 6.160223484039307, 1.45084810256958]
[0.19375218451023102, 6.165492534637451, 1.4555028676986694]
[0.1841038167476654, 6.1631999015808105, 1.4549072980880737]
[0.1733158826828003, 6.168325424194336, 1.4539709091186523]
[0.15906773507595062, 6.172574043273926, 1.4569779634475708]
[0.14582689106464386, 6.171761512756348, 1.4559348821640015]
[0.12958493828773499, 6.176243782043457, 1.4579949378967285]
[0.11758395284414291, 6.18551778793335, 1.464964509010315]
[0.09723040461540222, 6.184918403625488, 1.4636352062225342]
[0.08363325148820877, 6.184393405914307, 1.4648857116699219]
[0.0703689232468605, 6.185477256774902, 1.4601901769638062]
[0.062095675617456436, 6.18707275390625, 1.463429570198059]
[0.054569486528635025, 6.18694543838501, 1.4619934558868408]
[0.04747067764401436, 6.194430351257324, 1.4630972146987915]
[0.025954462587833405, 6.195930004119873, 1.4654487371444702]
[0.010853900574147701, 6.19560432434082, 1.4639756679534912]
[-0.004863527603447437, 6.199199676513672, 1.46653413772583]
[-0.026096954941749573, 6.206289291381836, 1.4641470909118652]
[-0.04386242479085922, 6.206116199493408, 1.4678809642791748]
[-0.06187018007040024, 6.216185092926025, 1.4624907970428467]
[-0.0843566507101059, 6.213072776794434, 1.4636551141738892]
[-0.10908234864473343, 6.224109649658203, 1.465440034866333]
[-0.12585356831550598, 6.2281494140625, 1.4666427373886108]
[-0.15164953470230103, 6.234790325164795, 1.4663689136505127]
[-0.18757548928260803, 6.235101222991943, 1.470237135887146]
[-0.19634725153446198, 6.253865718841553, 1.46894371509552]
[-0.23147684335708618, 6.25914192199707, 1.4730267524719238]
[-0.26762181520462036, 6.273806571960449, 1.476163387298584]
[-0.27815115451812744, 6.255379676818848, 1.4716501235961914]
[-0.30693691968917847, 6.271571636199951, 1.4756218194961548]
[-0.3185243308544159, 6.28053617477417, 1.4689611196517944]
[-0.3489432632923126, 6.274599075317383, 1.4746687412261963]
[-0.36236345767974854, 6.289647102355957, 1.4754443168640137]
[-0.38845503330230713, 6.297628402709961, 1.474271297454834]
[-0.4034443497657776, 6.297842025756836, 1.4709829092025757]
[-0.4302385449409485, 6.301732540130615, 1.4646029472351074]
[-0.45072034001350403, 6.295013904571533, 1.4697521924972534]
[-0.4960140883922577, 6.306293487548828, 1.4638293981552124]
[-0.5108926892280579, 6.3150954246521, 1.4621485471725464]
[-0.5557297468185425, 6.301990032196045, 1.4760587215423584]
[-0.6082671880722046, 6.340238571166992, 1.4722858667373657]
[-0.62645024061203, 6.335682392120361, 1.4753539562225342]
[-0.6407496333122253, 6.359294414520264, 1.4753762483596802]
[-0.6837765574455261, 6.35762357711792, 1.4751613140106201]
[-0.7095156908035278, 6.33111572265625, 1.4687215089797974]
[-0.7128831148147583, 6.372130393981934, 1.4690521955490112]
[-0.7304368615150452, 6.376049995422363, 1.4699299335479736]
[-0.7624050974845886, 6.380239963531494, 1.4695978164672852]
[-0.7791732549667358, 6.384322643280029, 1.470651388168335]
[-0.7942549586296082, 6.385887145996094, 1.4688503742218018]
[-0.8240882158279419, 6.397302627563477, 1.468923807144165]
[-0.8535740375518799, 6.400277614593506, 1.4664918184280396]
[-0.8668004274368286, 6.405625343322754, 1.4655654430389404]
[-0.8821789026260376, 6.409134387969971, 1.464270830154419]
[-0.8983601331710815, 6.408089637756348, 1.4651687145233154]
[-0.9135806560516357, 6.415271759033203, 1.4657535552978516]
[-0.9302234053611755, 6.423519134521484, 1.4630093574523926]
[-0.9498320817947388, 6.425073146820068, 1.467200517654419]
[-0.9846151471138, 6.431990623474121, 1.4699993133544922]
[-1.004225730895996, 6.440217971801758, 1.4723341464996338]
[-1.0402754545211792, 6.4439191818237305, 1.4739875793457031]
[-1.058480978012085, 6.4485392570495605, 1.476149559020996]
[-1.0906867980957031, 6.456055164337158, 1.475642204284668]
[-1.1224592924118042, 6.459144115447998, 1.4776700735092163]
[-1.156000018119812, 6.473909854888916, 1.47528076171875]
[-1.1826691627502441, 6.485816478729248, 1.482454776763916]
[-1.2078876495361328, 6.470820426940918, 1.4721440076828003]
[-1.2213243246078491, 6.489711761474609, 1.468875527381897]
[-1.2470847368240356, 6.494983196258545, 1.4703538417816162]
[-1.2763428688049316, 6.487973213195801, 1.473432183265686]
[-1.2906880378723145, 6.500943183898926, 1.481401801109314]
[-1.303017020225525, 6.500147819519043, 1.4721996784210205]
[-1.3189470767974854, 6.502824306488037, 1.4741102457046509]
[-1.3485157489776611, 6.504325866699219, 1.4764617681503296]
[-1.3787075281143188, 6.507676601409912, 1.4735347032546997]
[-1.408445954322815, 6.514164924621582, 1.477189540863037]
[-1.4351730346679688, 6.518813610076904, 1.484310507774353]
[-1.4610469341278076, 6.519233226776123, 1.481757402420044]
[-1.4961740970611572, 6.521056652069092, 1.480684757232666]
[-1.5077855587005615, 6.527499198913574, 1.475656270980835]
[-1.5268603563308716, 6.522937297821045, 1.480153203010559]
[-1.545453667640686, 6.5290846824646, 1.4786994457244873]
[-1.5629938840866089, 6.53069543838501, 1.4800419807434082]
[-1.574436902999878, 6.537271022796631, 1.480260968208313]
[-1.580534815788269, 6.536661624908447, 1.4730473756790161]
[-1.5962387323379517, 6.540605545043945, 1.4858183860778809]
[-1.6088111400604248, 6.539272785186768, 1.4875928163528442]
[-1.6204416751861572, 6.539994239807129, 1.4790431261062622]
[-1.625964641571045, 6.541111469268799, 1.4828972816467285]
[-1.6391658782958984, 6.542089462280273, 1.477664589881897]
[-1.653549075126648, 6.537700653076172, 1.4788951873779297]
[-1.6723864078521729, 6.5364227294921875, 1.4793044328689575]
[-1.691884160041809, 6.530780792236328, 1.4778047800064087]
[-1.7038352489471436, 6.529681205749512, 1.4783108234405518]
[-1.7273236513137817, 6.524294376373291, 1.4831774234771729]
[-1.7517386674880981, 6.517417907714844, 1.4821124076843262]
[-1.7769057750701904, 6.511786460876465, 1.4842545986175537]
[-1.7984187602996826, 6.504968166351318, 1.480088710784912]
[-1.8244034051895142, 6.50128698348999, 1.4811731576919556]
[-1.8336467742919922, 6.496171951293945, 1.4772922992706299]
[-1.843353033065796, 6.488637924194336, 1.4752658605575562]
[-1.855773687362671, 6.4832282066345215, 1.4755586385726929]
[-1.8692004680633545, 6.479606628417969, 1.473014235496521]
[-1.8863286972045898, 6.47557258605957, 1.4730274677276611]
[-1.8999183177947998, 6.4678215980529785, 1.4753763675689697]
[-1.93058443069458, 6.454161167144775, 1.4708020687103271]
[-1.9461019039154053, 6.447627067565918, 1.471367359161377]
[-1.9728007316589355, 6.438473224639893, 1.4665940999984741]
[-2.014069080352783, 6.417243003845215, 1.4709588289260864]
[-2.0210607051849365, 6.406280994415283, 1.4748139381408691]
[-2.0600759983062744, 6.39753532409668, 1.4729410409927368]
[-2.0792243480682373, 6.372807025909424, 1.4742501974105835]
[-2.096947193145752, 6.376114368438721, 1.4733105897903442]
[-2.1240944862365723, 6.3606743812561035, 1.478793978691101]
[-2.134683609008789, 6.340462684631348, 1.4775965213775635]
[-2.1559691429138184, 6.327688694000244, 1.476072907447815]
[-2.1752848625183105, 6.314908504486084, 1.4750969409942627]
[-2.1831116676330566, 6.307602882385254, 1.4752377271652222]
[-2.192595958709717, 6.301645278930664, 1.476684331893921]
[-2.200396776199341, 6.295773983001709, 1.4747443199157715]
[-2.2157905101776123, 6.2835798263549805, 1.4742168188095093]
[-2.2295892238616943, 6.272554874420166, 1.4751942157745361]
[-2.2350993156433105, 6.267104148864746, 1.4774550199508667]
[-2.2493090629577637, 6.249613285064697, 1.4693371057510376]
[-2.2586047649383545, 6.236179351806641, 1.468724012374878]
[-2.266515016555786, 6.2309746742248535, 1.4672218561172485]
[-2.28021502494812, 6.2138872146606445, 1.464213490486145]
[-2.288331985473633, 6.205552101135254, 1.464700698852539]
[-2.304448366165161, 6.186290740966797, 1.4630589485168457]
[-2.347442150115967, 6.143774509429932, 1.464263677597046]
[-2.3716299533843994, 6.11480712890625, 1.471494436264038]
[-2.390610456466675, 6.096151828765869, 1.4682574272155762]
[-2.39797043800354, 6.086355686187744, 1.4701273441314697]
[-2.423194646835327, 6.059868812561035, 1.4682748317718506]
[-2.426879405975342, 6.0487895011901855, 1.4691680669784546]
[-2.4364726543426514, 6.040071964263916, 1.4689624309539795]
[-2.442781925201416, 6.031416893005371, 1.469938039779663]
[-2.457733154296875, 6.014500617980957, 1.4678442478179932]
[-2.469069004058838, 5.997443199157715, 1.4673213958740234]
[-2.479987144470215, 5.9838175773620605, 1.4661481380462646]
[-2.495537281036377, 5.96180534362793, 1.4649646282196045]
[-2.5024466514587402, 5.9549431800842285, 1.4646379947662354]
[-2.5085883140563965, 5.9411444664001465, 1.4655803442001343]
[-2.516138792037964, 5.9293413162231445, 1.4653339385986328]
[-2.5191774368286133, 5.922344207763672, 1.466549277305603]
[-2.523646593093872, 5.91662073135376, 1.4642212390899658]
[-2.5281577110290527, 5.911290645599365, 1.4650217294692993]
[-2.536619186401367, 5.897609710693359, 1.4653480052947998]
[-2.5327160358428955, 5.893122673034668, 1.4663094282150269]
[-2.5373387336730957, 5.881185054779053, 1.4647811651229858]
[-2.5422465801239014, 5.8773112297058105, 1.462307333946228]
[-2.5465071201324463, 5.866655349731445, 1.4674779176712036]
[-2.5492866039276123, 5.855203628540039, 1.4657520055770874]
[-2.549347400665283, 5.8536577224731445, 1.4641112089157104]
[-2.5509753227233887, 5.843971252441406, 1.4652878046035767]
[-2.5535874366760254, 5.839282989501953, 1.464539647102356]
[-2.554168939590454, 5.830859661102295, 1.464125633239746]
[-2.5540497303009033, 5.826313018798828, 1.4637211561203003]
[-2.5550312995910645, 5.8177056312561035, 1.4598653316497803]
[-2.557136297225952, 5.813032150268555, 1.4584805965423584]
[-2.5564308166503906, 5.80314302444458, 1.4534839391708374]
[-2.5654380321502686, 5.7787957191467285, 1.4543530941009521]
[-2.564824104309082, 5.768464088439941, 1.4549790620803833]
[-2.5722274780273438, 5.747754096984863, 1.455849528312683]
[-2.575575590133667, 5.737135887145996, 1.4574891328811646]
[-2.5811455249786377, 5.725122928619385, 1.45866858959198]
[-2.5844101905822754, 5.7147746086120605, 1.4601573944091797]
[-2.593728542327881, 5.6905293464660645, 1.4624197483062744]
[-2.5964784622192383, 5.681401252746582, 1.461544394493103]
[-2.6044161319732666, 5.658689975738525, 1.4624828100204468]
[-2.6047258377075195, 5.64888858795166, 1.4607526063919067]
[-2.6077682971954346, 5.639315605163574, 1.4606263637542725]
[-2.6151225566864014, 5.619594097137451, 1.4584946632385254]
[-2.61637806892395, 5.610263347625732, 1.4610016345977783]
[-2.622917652130127, 5.589615345001221, 1.4570136070251465]
[-2.6238811016082764, 5.577422618865967, 1.4587233066558838]
[-2.629432439804077, 5.564998626708984, 1.4610484838485718]
[-2.6315653324127197, 5.556600570678711, 1.4629132747650146]
[-2.635781764984131, 5.548069477081299, 1.46213698387146]
[-2.6361889839172363, 5.531023979187012, 1.463269829750061]
[-2.640519142150879, 5.516658782958984, 1.4632997512817383]
[-2.640317916870117, 5.502286911010742, 1.463156819343567]
[-2.6422295570373535, 5.488578796386719, 1.4621375799179077]
[-2.6405951976776123, 5.47801399230957, 1.463781476020813]
[-2.6436140537261963, 5.464432716369629, 1.463215708732605]
[-2.643059015274048, 5.45332670211792, 1.4622828960418701]
[-2.6421353816986084, 5.4505438804626465, 1.462308406829834]
[-2.6415679454803467, 5.440629005432129, 1.4628310203552246]
[-2.641814708709717, 5.435398578643799, 1.4622012376785278]
[-2.6429455280303955, 5.423750877380371, 1.4641554355621338]
[-2.6411783695220947, 5.421992778778076, 1.4613021612167358]
[-2.639085531234741, 5.417198181152344, 1.4655508995056152]
[-2.6343958377838135, 5.411202430725098, 1.4631444215774536]
[-2.6357600688934326, 5.401137828826904, 1.4636142253875732]
[-2.6357498168945312, 5.396912574768066, 1.4631233215332031]
[-2.633389711380005, 5.391061305999756, 1.463994026184082]
[-2.630685567855835, 5.385041236877441, 1.4637614488601685]
[-2.6278138160705566, 5.378536224365234, 1.4650278091430664]
[-2.6261677742004395, 5.375634670257568, 1.4642314910888672]
[-2.62239670753479, 5.37423849105835, 1.4639992713928223]
[-2.620068311691284, 5.371411323547363, 1.4654871225357056]
[-2.6198225021362305, 5.368634223937988, 1.4647332429885864]
[-2.6116833686828613, 5.362001419067383, 1.4657139778137207]
[-2.609645128250122, 5.359066009521484, 1.4652293920516968]
[-2.60577654838562, 5.35218620300293, 1.4653606414794922]
[-2.6037206649780273, 5.350284099578857, 1.4654923677444458]
[-2.599797487258911, 5.345615863800049, 1.4667948484420776]
[-2.595889091491699, 5.342021465301514, 1.4673666954040527]
[-2.5944747924804688, 5.33680534362793, 1.4658372402191162]
[-2.5926992893218994, 5.334663391113281, 1.4631590843200684]
[-2.5879039764404297, 5.327988147735596, 1.4619473218917847]
[-2.5874152183532715, 5.323849201202393, 1.4612538814544678]
[-2.585085391998291, 5.311446189880371, 1.457863450050354]
[-2.5835201740264893, 5.303837299346924, 1.4570679664611816]
[-2.578512668609619, 5.285274982452393, 1.4564929008483887]
[-2.579920768737793, 5.275798797607422, 1.4570783376693726]
[-2.571892023086548, 5.242719650268555, 1.4607436656951904]
[-2.566493511199951, 5.22085428237915, 1.462868094444275]
[-2.5647542476654053, 5.2102813720703125, 1.464565634727478]
[-2.5614843368530273, 5.199434757232666, 1.4641731977462769]
[-2.5589635372161865, 5.177907466888428, 1.4655089378356934]
[-2.5562069416046143, 5.168309688568115, 1.465898036956787]
[-2.554201126098633, 5.159116744995117, 1.4655330181121826]
[-2.5524415969848633, 5.150034427642822, 1.4651875495910645]
[-2.5505473613739014, 5.138424873352051, 1.4664076566696167]
[-2.5450985431671143, 5.1124420166015625, 1.4665979146957397]
[-2.5408360958099365, 5.095958232879639, 1.4630732536315918]
[-2.535914421081543, 5.085846424102783, 1.4619406461715698]
[-2.536533832550049, 5.0762739181518555, 1.4604870080947876]
[-2.533243179321289, 5.055400371551514, 1.4595601558685303]
[-2.531554937362671, 5.042089462280273, 1.459136962890625]
[-2.5310981273651123, 5.028451442718506, 1.4601956605911255]
[-2.5310306549072266, 4.9995880126953125, 1.4634556770324707]
[-2.5261435508728027, 4.954995632171631, 1.4669278860092163]
[-2.521397829055786, 4.924159526824951, 1.46652090549469]
[-2.5170412063598633, 4.87835693359375, 1.4629243612289429]
[-2.5155763626098633, 4.846399307250977, 1.4621548652648926]
[-2.512732982635498, 4.807923316955566, 1.4628040790557861]
[-2.509369373321533, 4.765630722045898, 1.4632805585861206]
[-2.5089375972747803, 4.728903770446777, 1.4628156423568726]
[-2.5082356929779053, 4.6852946281433105, 1.4613418579101562]
[-2.510821580886841, 4.6376423835754395, 1.4622313976287842]
[-2.5082616806030273, 4.59000301361084, 1.4628167152404785]
[-2.5059292316436768, 4.513141632080078, 1.465227723121643]
[-2.505465269088745, 4.461816310882568, 1.4664781093597412]
[-2.5047149658203125, 4.411037445068359, 1.4688389301300049]
[-2.5034685134887695, 4.361850261688232, 1.4698113203048706]
[-2.505866527557373, 4.339278697967529, 1.4704076051712036]
[-2.5069003105163574, 4.293956279754639, 1.4695695638656616]
[-2.5057005882263184, 4.271637916564941, 1.4687389135360718]
[-2.506934642791748, 4.2465128898620605, 1.4693305492401123]
[-2.5066678524017334, 4.210951805114746, 1.4692062139511108]
[-2.50618052482605, 4.175028324127197, 1.467456340789795]
[-2.505120277404785, 4.156114101409912, 1.4681220054626465]
[-2.5060532093048096, 4.139115810394287, 1.468366026878357]
[-2.5049338340759277, 4.104151248931885, 1.4686493873596191]
[-2.5072264671325684, 4.07200288772583, 1.468186378479004]
[-2.5085692405700684, 4.039511203765869, 1.468030333518982]
[-2.510155439376831, 4.033299446105957, 1.4677754640579224]
[-2.5088541507720947, 4.019989967346191, 1.468283772468567]
[-2.5111000537872314, 4.008296012878418, 1.4685537815093994]
[-2.513756036758423, 3.9837095737457275, 1.4678555727005005]
[-2.5144355297088623, 3.9612348079681396, 1.4672120809555054]
[-2.514866590499878, 3.9394736289978027, 1.4648411273956299]
[-2.516263008117676, 3.921480178833008, 1.4613854885101318]
[-2.516441583633423, 3.9002227783203125, 1.4600828886032104]
[-2.5167346000671387, 3.8879106044769287, 1.4595898389816284]
[-2.519005060195923, 3.8607001304626465, 1.4605633020401]
[-2.5194272994995117, 3.83389949798584, 1.4625630378723145]
[-2.523836612701416, 3.7908437252044678, 1.4662672281265259]
[-2.5238020420074463, 3.774705410003662, 1.4669866561889648]
[-2.5249557495117188, 3.7472870349884033, 1.4681787490844727]
[-2.529602527618408, 3.718621253967285, 1.4681615829467773]
[-2.528407573699951, 3.7063534259796143, 1.4684147834777832]
[-2.5338759422302246, 3.680403232574463, 1.465520977973938]
[-2.5342419147491455, 3.6535069942474365, 1.4613518714904785]
[-2.5380780696868896, 3.6398355960845947, 1.4609678983688354]
[-2.5394575595855713, 3.6257638931274414, 1.4597302675247192]
[-2.5431432723999023, 3.594420909881592, 1.4590505361557007]
[-2.544687271118164, 3.57942271232605, 1.4598511457443237]
[-2.544764280319214, 3.543447971343994, 1.4616103172302246]
[-2.5492615699768066, 3.506096601486206, 1.4646011590957642]
[-2.5530929565429688, 3.4541401863098145, 1.4658364057540894]
[-2.5567705631256104, 3.4384655952453613, 1.465558409690857]
[-2.5573036670684814, 3.4040985107421875, 1.4664181470870972]
[-2.5607359409332275, 3.3892669677734375, 1.4668291807174683]
[-2.56489896774292, 3.3581619262695312, 1.4661146402359009]
[-2.565720558166504, 3.3308165073394775, 1.4659526348114014]
[-2.568443536758423, 3.3027050495147705, 1.466291069984436]
[-2.5683047771453857, 3.2897496223449707, 1.466550350189209]
[-2.57197642326355, 3.265087366104126, 1.4664069414138794]
[-2.574572801589966, 3.2432525157928467, 1.466906189918518]
[-2.578592538833618, 3.21356201171875, 1.4664465188980103]
[-2.5786635875701904, 3.190142869949341, 1.466336965560913]
[-2.581779956817627, 3.173696994781494, 1.4645636081695557]
[-2.5857932567596436, 3.157170534133911, 1.4657880067825317]
[-2.5894556045532227, 3.148102283477783, 1.4650453329086304]
[-2.5886898040771484, 3.1343979835510254, 1.4647254943847656]
[-2.590312957763672, 3.129098653793335, 1.4646209478378296]
[-2.592421531677246, 3.1151909828186035, 1.4623677730560303]
[-2.5957257747650146, 3.1078507900238037, 1.4648131132125854]
[-2.598670482635498, 3.1041038036346436, 1.463860034942627]
[-2.5982658863067627, 3.096430540084839, 1.4640369415283203]
[-2.60068941116333, 3.0871665477752686, 1.463864803314209]
[-2.603323459625244, 3.0811514854431152, 1.4631702899932861]
[-2.603902578353882, 3.078105926513672, 1.4625575542449951]
[-2.6043519973754883, 3.0727219581604004, 1.4639652967453003]
[-2.6069281101226807, 3.064542531967163, 1.4640039205551147]
[-2.615164279937744, 3.0580124855041504, 1.4637889862060547]
[-2.623128652572632, 3.044344186782837, 1.463579773902893]
[-2.6280927658081055, 3.0392067432403564, 1.4639781713485718]
[-2.6308817863464355, 3.0327019691467285, 1.4655742645263672]
[-2.635549545288086, 3.0257179737091064, 1.466512680053711]
[-2.6368300914764404, 3.0211856365203857, 1.4623510837554932]
[-2.6388752460479736, 3.020245313644409, 1.4609242677688599]
[-2.638948440551758, 3.016184091567993, 1.460086464881897]
[-2.643472194671631, 3.006302833557129, 1.457480788230896]
[-2.6488330364227295, 2.9873783588409424, 1.4574402570724487]
[-2.6475412845611572, 2.983022689819336, 1.4594870805740356]
[-2.648521661758423, 2.9607293605804443, 1.4621989727020264]
[-2.6512551307678223, 2.9511821269989014, 1.4639286994934082]
[-2.653125286102295, 2.931175708770752, 1.468653678894043]
[-2.6528375148773193, 2.9208590984344482, 1.4659829139709473]
[-2.6550545692443848, 2.910339832305908, 1.4689316749572754]
[-2.6519839763641357, 2.897655963897705, 1.4694081544876099]
[-2.6572070121765137, 2.8790574073791504, 1.469364881515503]
[-2.6565001010894775, 2.8485002517700195, 1.4663619995117188]
[-2.6602425575256348, 2.8401601314544678, 1.4632363319396973]
[-2.658341646194458, 2.820103168487549, 1.460452914237976]
[-2.658986806869507, 2.795037031173706, 1.4563156366348267]
[-2.6622838973999023, 2.7846362590789795, 1.455177664756775]
[-2.663987159729004, 2.773285150527954, 1.4555671215057373]
[-2.670363187789917, 2.759585380554199, 1.4557381868362427]
[-2.6717236042022705, 2.726322889328003, 1.4559834003448486]
[-2.673421859741211, 2.685558557510376, 1.4578306674957275]
[-2.671566963195801, 2.6671934127807617, 1.4569741487503052]
[-2.6706337928771973, 2.624390125274658, 1.4593605995178223]
[-2.6713712215423584, 2.601105213165283, 1.4616140127182007]
[-2.6703498363494873, 2.5758025646209717, 1.4636198282241821]
[-2.6704325675964355, 2.554020881652832, 1.4637430906295776]
[-2.6712448596954346, 2.5318453311920166, 1.4642754793167114]
[-2.669097900390625, 2.5053911209106445, 1.4643446207046509]
[-2.6655993461608887, 2.4540138244628906, 1.4665948152542114]
[-2.6662003993988037, 2.4143919944763184, 1.4668948650360107]
[-2.6604700088500977, 2.3578989505767822, 1.4636636972427368]
[-2.6604926586151123, 2.3375296592712402, 1.458922266960144]
[-2.6590542793273926, 2.298067092895508, 1.4543713331222534]
[-2.6591691970825195, 2.277127742767334, 1.4542553424835205]
[-2.651740312576294, 2.182347536087036, 1.445261836051941]
[-2.647031545639038, 2.123521327972412, 1.4418599605560303]
[-2.643944263458252, 2.0624098777770996, 1.4412623643875122]
[-2.6354758739471436, 1.9992743730545044, 1.4419193267822266]
[-2.637303352355957, 1.9669811725616455, 1.440211534500122]
[-2.628969430923462, 1.9051159620285034, 1.439763069152832]
[-2.627790927886963, 1.8775542974472046, 1.440772533416748]
[-2.6190435886383057, 1.8123582601547241, 1.4406087398529053]
[-2.615368366241455, 1.7500919103622437, 1.4414900541305542]
[-2.61246657371521, 1.715185523033142, 1.4412996768951416]
[-2.603548288345337, 1.6484872102737427, 1.4420974254608154]
[-2.599191188812256, 1.58335542678833, 1.4451789855957031]
[-2.5898478031158447, 1.5165517330169678, 1.4486638307571411]
[-2.5867319107055664, 1.4564001560211182, 1.4515581130981445]
[-2.5775420665740967, 1.3692108392715454, 1.4543037414550781]
[-2.5702242851257324, 1.3148717880249023, 1.457669734954834]
[-2.564943552017212, 1.2898443937301636, 1.4564177989959717]
[-2.5624845027923584, 1.2388551235198975, 1.4606956243515015]
[-2.5577991008758545, 1.2148425579071045, 1.4616316556930542]
[-2.5597264766693115, 1.1921414136886597, 1.4629770517349243]
[-2.555755138397217, 1.1701092720031738, 1.4613293409347534]
[-2.5559630393981934, 1.1484273672103882, 1.461887001991272]
[-2.5511417388916016, 1.1258177757263184, 1.4655861854553223]
[-2.549999952316284, 1.0868480205535889, 1.4669878482818604]
[-2.5459349155426025, 1.0696302652359009, 1.464966058731079]
[-2.541109323501587, 1.0349057912826538, 1.468848705291748]
[-2.530895471572876, 1.0000375509262085, 1.4727168083190918]
[-2.5287444591522217, 0.9693415760993958, 1.4687435626983643]
[-2.532845973968506, 0.9420705437660217, 1.4684969186782837]
[-2.5266711711883545, 0.9265178442001343, 1.4734658002853394]
[-2.5319020748138428, 0.9030501842498779, 1.467286467552185]
[-2.527094602584839, 0.8909477591514587, 1.4742960929870605]
[-2.525188684463501, 0.8704100251197815, 1.4730571508407593]
[-2.534471035003662, 0.862899661064148, 1.4819964170455933]
[-2.5332422256469727, 0.8426523208618164, 1.4728208780288696]
[-2.5322024822235107, 0.8342161774635315, 1.4784513711929321]
[-2.5309877395629883, 0.8244110941886902, 1.4802842140197754]
[-2.5335652828216553, 0.8101930022239685, 1.4793649911880493]
[-2.53233003616333, 0.7944426536560059, 1.4796451330184937]
[-2.532336473464966, 0.7862582206726074, 1.4707579612731934]
[-2.531402349472046, 0.7778503894805908, 1.4733257293701172]
[-2.5356311798095703, 0.7644075155258179, 1.4726892709732056]
[-2.541600227355957, 0.7472876906394958, 1.476769208908081]
[-2.5434114933013916, 0.7342326641082764, 1.4687267541885376]
[-2.5457983016967773, 0.708558976650238, 1.4788951873779297]
[-2.5517146587371826, 0.6982644200325012, 1.4754612445831299]
[-2.558234930038452, 0.6739869117736816, 1.4778578281402588]
[-2.5649094581604004, 0.6487330794334412, 1.4858171939849854]
[-2.573819160461426, 0.6261221766471863, 1.4879311323165894]
[-2.5811965465545654, 0.6009776592254639, 1.4911940097808838]
[-2.5889627933502197, 0.5950677990913391, 1.4850786924362183]
[-2.5878098011016846, 0.5793389081954956, 1.4806982278823853]
[-2.5990793704986572, 0.5600342750549316, 1.4954230785369873]
[-2.6006014347076416, 0.5505809783935547, 1.491985559463501]
[-2.6102118492126465, 0.526962161064148, 1.4843913316726685]
[-2.613149642944336, 0.5248494744300842, 1.4811383485794067]
[-2.617058277130127, 0.5121203064918518, 1.4838682413101196]
[-2.6276674270629883, 0.5007525682449341, 1.489168643951416]
[-2.6360857486724854, 0.4888280928134918, 1.4981887340545654]
[-2.6414241790771484, 0.47232186794281006, 1.48406183719635]
[-2.6454811096191406, 0.468024879693985, 1.5001908540725708]
[-2.6443839073181152, 0.4600640833377838, 1.49375319480896]
[-2.646049737930298, 0.45023033022880554, 1.4844547510147095]
[-2.6558098793029785, 0.4376305639743805, 1.4826443195343018]
[-2.659348487854004, 0.43293535709381104, 1.4854984283447266]
[-2.664360523223877, 0.42896994948387146, 1.4873690605163574]
[-2.6673388481140137, 0.42571285367012024, 1.4827426671981812]
[-2.6729090213775635, 0.4180777370929718, 1.4871147871017456]
[-2.681781768798828, 0.4114646017551422, 1.485169529914856]
[-2.692965269088745, 0.3989714980125427, 1.4895707368850708]
[-2.6973109245300293, 0.4001445770263672, 1.4858927726745605]
[-2.7067837715148926, 0.3901675343513489, 1.487216591835022]
[-2.7102792263031006, 0.3885706663131714, 1.4863970279693604]
[-2.714053153991699, 0.3814011216163635, 1.4876623153686523]
[-2.7214362621307373, 0.38024279475212097, 1.4871811866760254]
[-2.725382089614868, 0.3755470812320709, 1.4877946376800537]
[-2.7290289402008057, 0.37877193093299866, 1.48565673828125]
[-2.73299503326416, 0.3687904477119446, 1.4847725629806519]
[-2.7365810871124268, 0.37258923053741455, 1.482568383216858]
[-2.7476582527160645, 0.3627975285053253, 1.478111982345581]
[-2.755295753479004, 0.3622856140136719, 1.4854460954666138]
[-2.771604299545288, 0.35487744212150574, 1.4843255281448364]
[-2.7780861854553223, 0.3450452983379364, 1.4823627471923828]
[-2.800795555114746, 0.33050045371055603, 1.4794243574142456]
[-2.808624744415283, 0.3195992112159729, 1.4851152896881104]
[-2.8367018699645996, 0.30045604705810547, 1.473386287689209]
[-2.8487915992736816, 0.29008254408836365, 1.477149248123169]
[-2.880368947982788, 0.2677081227302551, 1.4684321880340576]
[-2.900797128677368, 0.24786433577537537, 1.4682464599609375]
[-2.9196672439575195, 0.24453593790531158, 1.4764384031295776]
[-2.9369184970855713, 0.22569124400615692, 1.4743635654449463]
[-2.9806694984436035, 0.1928708553314209, 1.4761370420455933]
[-3.0032098293304443, 0.1748170256614685, 1.4765034914016724]
[-3.026123285293579, 0.1606103926897049, 1.4782304763793945]
[-3.0709786415100098, 0.1247839480638504, 1.4802886247634888]
[-3.1240551471710205, 0.08319894969463348, 1.4815897941589355]
[-3.143842935562134, 0.06667095422744751, 1.4816805124282837]
[-3.1757256984710693, 0.04529315233230591, 1.4820027351379395]
[-3.2142832279205322, 0.016547631472349167, 1.4806917905807495]
[-3.25384521484375, -0.00447235070168972, 1.4837173223495483]
[-3.2973568439483643, -0.03256363421678543, 1.4802135229110718]
[-3.309983015060425, -0.050329044461250305, 1.4813684225082397]
[-3.3359224796295166, -0.06507819890975952, 1.4784847497940063]
[-3.3573503494262695, -0.07458941638469696, 1.4793028831481934]
[-3.38454532623291, -0.09760293364524841, 1.4776866436004639]
[-3.3984460830688477, -0.10045129805803299, 1.4729799032211304]
[-3.425901174545288, -0.12474192678928375, 1.4749679565429688]
[-3.4510650634765625, -0.14220887422561646, 1.4724088907241821]
[-3.4623501300811768, -0.14902900159358978, 1.4726730585098267]
[-3.4742722511291504, -0.15717941522598267, 1.4718528985977173]
[-3.494353771209717, -0.17193976044654846, 1.472926139831543]
[-3.504988193511963, -0.17958325147628784, 1.4723070859909058]
[-3.521914005279541, -0.19475622475147247, 1.4714900255203247]
[-3.5412018299102783, -0.20904406905174255, 1.4705008268356323]
[-3.563058853149414, -0.21962128579616547, 1.4697561264038086]
[-3.5706074237823486, -0.22244425117969513, 1.4713404178619385]
[-3.5883710384368896, -0.23673959076404572, 1.4692941904067993]
[-3.6034293174743652, -0.24795138835906982, 1.4689034223556519]
[-3.608088493347168, -0.24634411931037903, 1.466764211654663]
[-3.612855911254883, -0.2484232485294342, 1.4705883264541626]
[-3.617912769317627, -0.25761324167251587, 1.4698596000671387]
[-3.6279165744781494, -0.2585073411464691, 1.4704691171646118]
[-3.6329896450042725, -0.26101985573768616, 1.4666625261306763]
[-3.641697883605957, -0.2666691839694977, 1.4684566259384155]
[-3.648601770401001, -0.27072688937187195, 1.4652727842330933]
[-3.6563539505004883, -0.26603052020072937, 1.469265341758728]
[-3.6598942279815674, -0.26573729515075684, 1.4694613218307495]
[-3.6693525314331055, -0.27169832587242126, 1.467557668685913]
[-3.6703474521636963, -0.26841026544570923, 1.4679126739501953]
[-3.673367977142334, -0.2681143879890442, 1.4680421352386475]
[-3.6784579753875732, -0.27147233486175537, 1.467978596687317]
[-3.6807773113250732, -0.26723676919937134, 1.4684538841247559]
[-3.6852591037750244, -0.2680628001689911, 1.4681259393692017]
[-3.6892433166503906, -0.263650506734848, 1.4667713642120361]
[-3.692007303237915, -0.26258254051208496, 1.468429446220398]
[-3.694122552871704, -0.25818440318107605, 1.4678454399108887]
[-3.6946685314178467, -0.25420087575912476, 1.465157151222229]
[-3.697845697402954, -0.2500365674495697, 1.4669909477233887]
[-3.6987831592559814, -0.24737146496772766, 1.464214563369751]
[-3.6985220909118652, -0.24014101922512054, 1.4665278196334839]
[-3.6976869106292725, -0.23879845440387726, 1.465360403060913]
[-3.6990418434143066, -0.23681135475635529, 1.4675922393798828]
[-3.7000486850738525, -0.23817774653434753, 1.470033884048462]
[-3.6963071823120117, -0.23007209599018097, 1.4685293436050415]
[-3.6947107315063477, -0.22756202518939972, 1.4666863679885864]
[-3.6919708251953125, -0.22366386651992798, 1.4687681198120117]
[-3.690337896347046, -0.22090503573417664, 1.4670164585113525]
[-3.6851260662078857, -0.21016927063465118, 1.462121605873108]
[-3.6866018772125244, -0.2157808542251587, 1.467170000076294]
[-3.684316396713257, -0.21428489685058594, 1.464254379272461]
[-3.682884931564331, -0.21222621202468872, 1.4619196653366089]
[-3.681291341781616, -0.20739701390266418, 1.459702968597412]
[-3.684673547744751, -0.20476415753364563, 1.4592883586883545]
[-3.6882407665252686, -0.19039598107337952, 1.4549288749694824]
[-3.702829360961914, -0.19080086052417755, 1.4494730234146118]
[-3.7235355377197266, -0.18371331691741943, 1.4473648071289062]
[-3.7314364910125732, -0.17401273548603058, 1.4525564908981323]
[-3.7429141998291016, -0.16074156761169434, 1.451694369316101]
[-3.7728497982025146, -0.15474741160869598, 1.4547702074050903]
[-3.7890801429748535, -0.14649318158626556, 1.4507014751434326]
[-3.8044464588165283, -0.13933417201042175, 1.4524892568588257]
[-3.834871530532837, -0.12556780874729156, 1.4522351026535034]
[-3.8500614166259766, -0.11771823465824127, 1.450064778327942]
[-3.86680269241333, -0.11273419111967087, 1.4499893188476562]
[-3.8966336250305176, -0.09711609035730362, 1.4449723958969116]
[-3.913471221923828, -0.09128236025571823, 1.4453136920928955]
[-3.952988386154175, -0.07424590736627579, 1.4337621927261353]
[-3.987699270248413, -0.05658023804426193, 1.4303396940231323]
[-4.008121967315674, -0.04460395127534866, 1.431397557258606]
[-4.05313777923584, -0.01958884485065937, 1.4231657981872559]
[-4.103143215179443, 0.005034813657402992, 1.4231358766555786]
[-4.128138065338135, 0.019771546125411987, 1.4174741506576538]
[-4.1814374923706055, 0.045550547540187836, 1.4221670627593994]
[-4.238622188568115, 0.08270420134067535, 1.4134361743927002]
[-4.2974324226379395, 0.11109840869903564, 1.4136079549789429]
[-4.323417663574219, 0.12710951268672943, 1.4197664260864258]
[-4.358969688415527, 0.13822691142559052, 1.4219857454299927]
[-4.418862819671631, 0.17480872571468353, 1.4151265621185303]
[-4.482986927032471, 0.20949263870716095, 1.4024755954742432]
[-4.523093223571777, 0.23609670996665955, 1.4060333967208862]
[-4.5811262130737305, 0.27056261897087097, 1.410014271736145]
[-4.610469818115234, 0.2912757396697998, 1.4033513069152832]
[-4.647228717803955, 0.31231746077537537, 1.4011427164077759]
[-4.722261428833008, 0.3600088953971863, 1.4030698537826538]
[-4.755443096160889, 0.3812306523323059, 1.397838830947876]
[-4.793153762817383, 0.4036911427974701, 1.4003158807754517]
[-4.866749286651611, 0.4503385126590729, 1.3974097967147827]
[-4.900187969207764, 0.4738601744174957, 1.398918628692627]
[-4.937979698181152, 0.4962361752986908, 1.39358389377594]
[-5.002569198608398, 0.5407027006149292, 1.3895337581634521]
[-5.038028240203857, 0.5605465769767761, 1.3858062028884888]
[-5.100055694580078, 0.6031984090805054, 1.3794442415237427]
[-5.158959865570068, 0.64308762550354, 1.371994972229004]
[-5.211671829223633, 0.6806719899177551, 1.3683586120605469]
[-5.259649276733398, 0.7169636487960815, 1.3653814792633057]
[-5.2885212898254395, 0.733600914478302, 1.3626461029052734]
[-5.332352161407471, 0.7661023139953613, 1.3571425676345825]
[-5.351241111755371, 0.7806313633918762, 1.3565329313278198]
[-5.369595527648926, 0.7945011854171753, 1.3532227277755737]
[-5.387741565704346, 0.8101799488067627, 1.3517624139785767]
[-5.425177097320557, 0.8372108936309814, 1.3499938249588013]
[-5.460419654846191, 0.8634151816368103, 1.3488911390304565]
[-5.476731777191162, 0.8759866952896118, 1.351689100265503]
[-5.5085225105285645, 0.8986420631408691, 1.3517239093780518]
[-5.521419525146484, 0.9090992212295532, 1.3588939905166626]
[-5.530657768249512, 0.9171239137649536, 1.3609660863876343]
[-5.544064044952393, 0.9268545508384705, 1.3637069463729858]
[-5.5555524826049805, 0.9368261694908142, 1.3665467500686646]
[-5.569745063781738, 0.9453739523887634, 1.369735598564148]
[-5.589688301086426, 0.9605976939201355, 1.3764090538024902]
[-5.600883960723877, 0.9693070650100708, 1.3810398578643799]
[-5.628690242767334, 0.9909346103668213, 1.3908941745758057]
[-5.633890151977539, 0.9962379932403564, 1.3932873010635376]
[-5.650211811065674, 1.0082703828811646, 1.399843454360962]
[-5.667103290557861, 1.022809386253357, 1.4066048860549927]
[-5.677231788635254, 1.0312433242797852, 1.410732626914978]
[-5.684325218200684, 1.0419152975082397, 1.4156969785690308]
[-5.687826633453369, 1.0450366735458374, 1.4179023504257202]
[-5.691072940826416, 1.0487946271896362, 1.420554280281067]
[-5.698734760284424, 1.0555747747421265, 1.4230482578277588]
[-5.70509672164917, 1.0627707242965698, 1.426425814628601]
[-5.707127094268799, 1.0691813230514526, 1.4307959079742432]
[-5.704686164855957, 1.0738886594772339, 1.431225061416626]
[-5.702754974365234, 1.0760403871536255, 1.4344943761825562]
[-5.703799247741699, 1.0772314071655273, 1.4376262426376343]
[-5.703230857849121, 1.0788434743881226, 1.4374080896377563]
[-5.701828479766846, 1.080572247505188, 1.4436538219451904]
[-5.699090480804443, 1.0810508728027344, 1.443198800086975]
[-5.696319580078125, 1.0800601243972778, 1.4456146955490112]
[-5.694268226623535, 1.0816963911056519, 1.445619821548462]
[-5.6921257972717285, 1.0802826881408691, 1.4430211782455444]
[-5.690199375152588, 1.0807241201400757, 1.4408079385757446]
[-5.684172630310059, 1.085930347442627, 1.4413830041885376]
[-5.680891513824463, 1.0880762338638306, 1.4417567253112793]
[-5.6716742515563965, 1.0981261730194092, 1.4452097415924072]
[-5.6636857986450195, 1.1075927019119263, 1.449266791343689]
[-5.658165454864502, 1.114830732345581, 1.4479902982711792]
[-5.650911331176758, 1.1214505434036255, 1.4501004219055176]
[-5.635776996612549, 1.1370512247085571, 1.4542992115020752]
[-5.631641387939453, 1.1442923545837402, 1.454426884651184]
[-5.620404243469238, 1.157751441001892, 1.4563230276107788]
[-5.611100673675537, 1.1707850694656372, 1.4564155340194702]
[-5.593192100524902, 1.1907488107681274, 1.455142617225647]
[-5.574531078338623, 1.210522174835205, 1.4503008127212524]
[-5.560403823852539, 1.2281298637390137, 1.4495909214019775]
[-5.5467424392700195, 1.2470542192459106, 1.4487208127975464]
[-5.528410911560059, 1.268257737159729, 1.450678825378418]
[-5.521149158477783, 1.280462622642517, 1.4526265859603882]
[-5.509788990020752, 1.2917269468307495, 1.4544509649276733]
[-5.500095844268799, 1.3037934303283691, 1.4554861783981323]
[-5.491422176361084, 1.3174668550491333, 1.4555919170379639]
[-5.473483085632324, 1.3388944864273071, 1.4564294815063477]
[-5.4622578620910645, 1.3507874011993408, 1.4558465480804443]
[-5.452816486358643, 1.3631656169891357, 1.456381916999817]
[-5.435905933380127, 1.3838450908660889, 1.4583709239959717]
[-5.419081687927246, 1.4036531448364258, 1.459345817565918]
[-5.409914016723633, 1.4141185283660889, 1.4585093259811401]
[-5.402153968811035, 1.4253491163253784, 1.4593136310577393]
[-5.384295463562012, 1.4442863464355469, 1.456921100616455]
[-5.370429515838623, 1.462765097618103, 1.4591937065124512]
[-5.364566326141357, 1.4696407318115234, 1.4586701393127441]
[-5.35280179977417, 1.4843049049377441, 1.4577476978302002]
[-5.337557792663574, 1.4997961521148682, 1.4590520858764648]
[-5.332450866699219, 1.5076327323913574, 1.4588112831115723]
[-5.324411869049072, 1.515808343887329, 1.4596980810165405]
[-5.322818279266357, 1.5211845636367798, 1.459155559539795]
[-5.309586048126221, 1.5350329875946045, 1.4570906162261963]
[-5.303349018096924, 1.5413607358932495, 1.4591387510299683]
[-5.298852920532227, 1.5518295764923096, 1.459969401359558]
[-5.290996074676514, 1.5579127073287964, 1.459640622138977]
[-5.288229942321777, 1.5629937648773193, 1.4587194919586182]
[-5.281261920928955, 1.5725656747817993, 1.458865761756897]
[-5.272942066192627, 1.582111120223999, 1.4608827829360962]
[-5.267515659332275, 1.589937686920166, 1.457133173942566]
[-5.260608673095703, 1.5973081588745117, 1.4577537775039673]
[-5.254004001617432, 1.6065971851348877, 1.4566237926483154]
[-5.251979827880859, 1.6079734563827515, 1.458459496498108]
[-5.24849796295166, 1.614327073097229, 1.4585578441619873]
[-5.242490291595459, 1.6199997663497925, 1.4579253196716309]
[-5.236859321594238, 1.6269463300704956, 1.457904577255249]
[-5.233467102050781, 1.6293188333511353, 1.4588528871536255]
[-5.230108737945557, 1.6339327096939087, 1.4558459520339966]
[-5.225156307220459, 1.6377060413360596, 1.4568603038787842]
[-5.224390983581543, 1.6388466358184814, 1.4576531648635864]
[-5.2232208251953125, 1.6421531438827515, 1.4577462673187256]
[-5.222309589385986, 1.6433212757110596, 1.458799123764038]
[-5.2209696769714355, 1.6443769931793213, 1.459564208984375]
[-5.220327377319336, 1.6447062492370605, 1.4591082334518433]
[-5.218693733215332, 1.647335410118103, 1.4574730396270752]
[-5.21729040145874, 1.6493672132492065, 1.457789421081543]
[-5.215702533721924, 1.6513640880584717, 1.4572221040725708]
[-5.214717388153076, 1.6522825956344604, 1.456616997718811]
[-5.211295127868652, 1.653419852256775, 1.4580706357955933]
[-5.212393283843994, 1.654653787612915, 1.4572206735610962]
[-5.214544773101807, 1.6542614698410034, 1.4575574398040771]
[-5.21314811706543, 1.6550580263137817, 1.4572829008102417]
[-5.212727069854736, 1.6558740139007568, 1.4572759866714478]
[-5.212614059448242, 1.6564993858337402, 1.4567995071411133]
[-5.213399410247803, 1.6573972702026367, 1.4565341472625732]
[-5.212275981903076, 1.6571810245513916, 1.4579997062683105]
[-5.213641166687012, 1.6569751501083374, 1.4572525024414062]
[-5.2141618728637695, 1.6574755907058716, 1.4574124813079834]
[-5.21401834487915, 1.65646231174469, 1.4563496112823486]
[-5.213912010192871, 1.6581230163574219, 1.4538313150405884]
[-5.215062618255615, 1.6573165655136108, 1.4473971128463745]
[-5.219000339508057, 1.6568593978881836, 1.4272619485855103]
[-5.223547458648682, 1.6550953388214111, 1.3966634273529053]
